97075261
35096248
35096248
89084637
24129354
12088829
25040426
5409973
94010683
89084637
94010683
8683171
25040426
35930165
89084637
68934530
84298352
9920284
30445706
18008292
9467490
8483283
8483283
84669708
33916619
74607368
84298352
30445706
35930165
76124929
46773299
33916619
56208125
61731034
33916619
74607368
36595960
90088164
84669708
42630088
21796638
8683171
35930165
84298352
84669708
61731034
73165644
74607368
90088164
35930165
44627058
12833581
21774111
41151121
56208125
90088164
73165644
44627058
84298352
28894057
69239810
89084637
21774111
84669708
56208125
90088164
9920284
12088829
12833581
5409973
84317371
46773299
28894057
56208125
18008292
25040426
30445706
74607368
5409973
21796638
12088829
90088164
44627058
41151121
25040426
33916619
76124929
99028259
46773299
84298352
33916619
9467490
94010683
61731034
9920284
30445706
13219430
90088164
89084637
8483283
